0.6316 1 0.52 -0.72
0.577 1 -0.13 0.63
0.4053 1 -1.54 -0.42
0.538 1 -0.78 0.75
0.4427 1 0.48 0.01
2.7899 1 0.6 1.27
0.1044 1 -1.09 1.65
0.2548 1 -0.21 1.65
1.2857 1 -1.12 0.79
0.1296 1 0.5 -1.57
0.3776 1 -0.18 -1.1
0.3483 1 -0.49 -0.98
1.0198 1 0.32 -2.26
0.5639 1 -1.23 1.21
1.985 1 0.35 -0.59
2.045 1 -0.27 0.02
1.6624 1 0.22 2.58
0.3708 1 -0.34 0.38
1.3228 1 -0.16 1.21
3.1782 1 -1.4 1.58
0.062 1 -0.39 0.1
1.007 1 -0.84 -1.19
1.0157 1 0.92 -0.31
3.2395 1 -0.76 -2.03
0.4842 1 1.38 0.3
0.0389 2 -1 0.3
2.4705 2 1.05 -0.83
0.3456 2 -0.59 1.3
0.0968 2 -0.21 0.35
1.1939 2 -1.6 -1.44
0.8141 2 1.17 -0.51
0.1379 2 0.17 0.28
0.0081 2 1.18 -0.5
0.8249 2 1.22 1.25
2.4364 2 -0.01 -1.78
2.7001 2 -0.34 0.13
2.4332 2 -1.14 -2.56
1.4749 2 -1.38 0.44
1.5947 2 -1.12 0.23
2.2716 2 1.23 0.46
0.6364 2 0.62 -0.42
0.6347 2 0.74 -1.77
0.3198 2 1.41 -0.19
3.7597 2 -0.95 0.83
0.0886 2 0.26 1.65
2.0838 2 2.9 -0.19
1.7568 2 0.25 -0.77
0.359 2 -0.17 -0.97
0.5359 2 2.34 0.29
0.0015 2 0.09 -0.38
0.2815 3 -1 0.23
0.2217 3 -0.3 -2.59
1.0343 3 1.4 -0.24
1.3354 3 -0.08 0.57
0.0869 3 0.52 -1.29
0.1954 3 -1.53 -1.35
0.8963 3 -0.82 -0.48
2.7927 3 -0.41 -0.9
0.1758 3 -0.34 0.35
0.06 3 -1.05 0.19
0.1442 3 1 1.53
0.7229 3 -0.34 -0.02
1.7325 3 -0.32 0.23
0.0034 3 -0.89 -1.16
1.1269 3 0.27 0.51
0.2808 3 -1.15 -0.69
3.1435 3 -1.4 1.77
1.2534 3 1.14 0.2
1.5267 3 -0.58 0.97
0.8899 3 1.79 -0.57
1.2431 3 -0.62 0.39
1.5628 3 0.88 0.61
0.6399 3 0.88 -0.11
3.3076 3 1.25 0.31
2.1259 3 -1.72 1.02
0.5639 4 -0.24 -0.56
1.0764 4 -2.14 1.25
0.2742 4 2.12 -0.94
0.1539 4 -0.29 -1.83
1.3686 4 2.41 -1.48
1.2526 4 0.63 -0.73
1.2042 4 0.75 -1.69
0.4052 4 1.24 -0.42
6.6661 4 -0.1 -0.61
0.1466 4 -1.41 -0.43
0.9926 4 -0.1 0.05
1.3842 4 -1.49 0.26
1.8265 4 -0.45 0.82
0.6573 4 -2.04 1.25
2.1639 4 -0.89 -1.34
2.8308 4 0.97 0.87
1.4908 4 0.58 -1.4
1.156 4 -1.54 0.8
2.0709 4 2.68 0.93
0.0213 4 1.03 0.53
2.9726 4 0.52 -0.73
0.6622 4 -1.12 -0.4
0.788 4 0.15 0.59
1.3682 4 -0.23 2.81
0.5439 4 -0.43 0.07
